91
5 == 5 1
5 == -5 0
-5 == 5 0
-5 == -5 1
0 == 0 1
0 == -0 1
-0 == 0 1
-0 == -0 1
0 == 5 0
0 == -5 0
-0 == 5 0
-0 == -5 0
5 > 10 0
5 > -10 1 
-5 > 10 0
-5 > -10 1
0 > 0 0
0 > -0 0
-0 > 0 0
-0 > -0 0
5 < 10 1
5 < -10 0 
-5 < 10 1
-5 < -10 0
0 < 0 0
0 < -0 0
-0 < 0 0
-0 < -0 0
5 <= 10 1
5 <= -10 0
-5 <= 10  1
-5 <= -10 0
0 <= 0 1
0 <= -0 1
-0 <= 0 1
-0 <= -0 1
10 <= 10 1
10 <= -10 0
-10 <= 10  1
-10 <= -10 1
5 >= 10 0
5 >= -10 1 
-5 >= 10 0
-5 >= -10 1
0 >= 0 1
0 >= -0 1
-0 >= 0 1
-0 >= -0 1
10 >= 10 1
10 >= -10 1
-10 >= 10  0
-10 >= -10 1
5 + 15 20 
5 + -15 -10
-5 + 5 0
-5 + -5 -10
0 + 15 15
0 + -15 -15
-0 + 15 15
-0 + -0 0
-0 + -15 -15
5 - 15 -10
5 - -15 20
-5 - 5 -10
-5 - -5 0
0 - 15 -15
0 - -15 15
-0 - 15 -15
-0 - -0 0
-0 - -15 15
0 / 15 0
0 / -15 0
-0 / 15 0
-0 / -15 0
1 / 15  0
1 / -15 0
-1 / 15 0
-1 / -15 0
15 / 3 5
15 / -3 -5
-15 / 3 -5
-15 / -3 5
0 / 0 -1
0 * 15 0
0 * -15 0
-0 * 15 0
-0 * -0 0
5 * 15 75
5 * -15 -75
-5 * 15 -75
-5 * -15 75